*******************************************************************************
*                 SGPA Reckoner for Educational Institutions                 *
*                                                                             *
*        Roll No.       Grade 1       Grade 2       Grade 3       SGPA        *
*                                                                             *
*_____________________________________________________________________________*
         394               10            9             8           9.000
*_____________________________________________________________________________*
         395               4            5             0           3.000
*_____________________________________________________________________________*
         396               7            8             6           7.000
*_____________________________________________________________________________*
         397               8            9             8           8.333
*_____________________________________________________________________________*
         398               10            6             7           7.667
*_____________________________________________________________________________*
         399               6            7             8           7.000
*_____________________________________________________________________________*
         400               10            7             8           8.333
*_____________________________________________________________________________*
         401               7            6             7           6.667
*_____________________________________________________________________________*
         402               6            5             7           6.000
*_____________________________________________________________________________*
         403               6            9             7           7.333
*_____________________________________________________________________________*
         404               0            5             0           1.667
*_____________________________________________________________________________*
         405               7            6             4           5.667
*_____________________________________________________________________________*
         406               0            8             0           2.667
*_____________________________________________________________________________*
         407               6            5             7           6.000
*_____________________________________________________________________________*
         408               6            9             7           7.333
*_____________________________________________________________________________*
         409               6            4             4           4.667
*_____________________________________________________________________________*
         410               7            7             7           7.000
*_____________________________________________________________________________*
         411               9            5             4           6.000
*_____________________________________________________________________________*
         412               5            5             8           6.000
*_____________________________________________________________________________*
         413               6            4             7           5.667
*_____________________________________________________________________________*
         414               6            5             8           6.333
*_____________________________________________________________________________*
         415               7            9             8           8.000
*_____________________________________________________________________________*
         416               5            9             7           7.000
*_____________________________________________________________________________*
         417               10            5             6           7.000
*_____________________________________________________________________________*
         418               8            5             8           7.000
*_____________________________________________________________________________*
         419               8            10             8           8.667
*_____________________________________________________________________________*
         420               7            5             8           6.667
*_____________________________________________________________________________*
         421               6            5             8           6.333
*_____________________________________________________________________________*
         422               5            7             7           6.333
*_____________________________________________________________________________*
         423               6            8             6           6.667
*_____________________________________________________________________________*
         424               6            5             0           3.667
*_____________________________________________________________________________*
         425               7            5             7           6.333
*_____________________________________________________________________________*
         426               7            6             7           6.667
*_____________________________________________________________________________*
         427               5            0             7           4.000
*_____________________________________________________________________________*
         428               8            9             7           8.000
*_____________________________________________________________________________*
         429               6            7             8           7.000
*_____________________________________________________________________________*
         430               6            10             7           7.667
*_____________________________________________________________________________*
         431               5            0             7           4.000
*_____________________________________________________________________________*
         432               5            6             7           6.000
*_____________________________________________________________________________*
         433               4            6             5           5.000
*_____________________________________________________________________________*
         434               6            0             4           3.333
*_____________________________________________________________________________*
         435               5            5             8           6.000
*_____________________________________________________________________________*
         437               7            10             5           7.333
*_____________________________________________________________________________*
         438               4            5             7           5.333
*_____________________________________________________________________________*
         439               8            8             4           6.667
*_____________________________________________________________________________*
         440               5            9             6           6.667
*_____________________________________________________________________________*
         441               7            5             7           6.333
*_____________________________________________________________________________*
         442               5            4             7           5.333
*_____________________________________________________________________________*
         443               8            4             4           5.333
*_____________________________________________________________________________*
         444               5            4             7           5.333
*_____________________________________________________________________________*
         445               0            10             8           6.000
*_____________________________________________________________________________*
         446               7            5             7           6.333
*_____________________________________________________________________________*
         447               6            8             8           7.333
*_____________________________________________________________________________*
         448               7            6             5           6.000
*_____________________________________________________________________________*
         449               7            7             8           7.333
*_____________________________________________________________________________*
         450               7            9             10           8.667
*_____________________________________________________________________________*
         451               8            8             8           8.000
*_____________________________________________________________________________*
         452               6            6             5           5.667
*_____________________________________________________________________________*
         453               10            10             10           10.000
*_____________________________________________________________________________*
         454               5            5             0           3.333
*_____________________________________________________________________________*
         455               10            9             10           9.667
*_____________________________________________________________________________*
         457               6            8             8           7.333
*_____________________________________________________________________________*
         458               5            7             6           6.000
*_____________________________________________________________________________*
         505               5            7             7           6.333
*_____________________________________________________________________________*
*                                                                             *
* Class Strength:  64                                                         *
*                                                                             *
* Class Average:   Subject 1 = 54.56    Subject 2 = 52.81    Subject 3 = 71.95  *
*                                                                             *
*******************************************************************************
The result list is successfully saved in the storage as 'SGPA List.txt'
Thank you!