Microsoft Windows [Version 10.0.22000.1335]
(c) Microsoft Corporation. All rights reserved.

C:\Users\Ahmad Raza>cd\

C:\>cd cpro\bin

C:\cpro\bin>gcc Project_Sem1.c

C:\cpro\bin>.\a.exe
Enter Credits of courses 1,2 and 3
3 3 3
Enter number of students
64
Enter Roll number and marks in 3 subjects
394 79.64 80 82.5
395 39.82 40 42.9
396 57.92 70 69.3
397 63.35 80 79.2
398 77.83 50 75.9
399 50.68 60 79.2
400 85.97 60 79.2
401 60.63 50 72.6
402 50.68 30 72.6
403 52.49 80 75.9
404 32.58 30 42.9
405 56.11 50 56.1
406 30.77 70 39.6
407 50.68 40 72.6
408 52.49 80 75.9
409 52.49 20 56.1
410 57.92 60 75.9
411 70.59 40 56.1
412 45.25 30 79.2
413 52.49 20 72.6
414 52.49 40 79.2
415 57.01 80 79.2
416 47.06 80 75.9
417 77.83 30 69.3
418 65.16 30 82.5
419 66.97 90 79.2
420 57.92 40 82.5
421 48.87 30 79.5
422 43.44 60 75.9
423 50.68 70 69.3
424 48.87 30 46.2
425 58.18 40 75.9
426 58.18 50 72.6
427 47.27 10 72.6
428 61.81 80 72.6
429 54.54 60 82.5
430 54.54 90 72.6
431 45.45 10 75.9
432 47.27 50 72.6
433 40.00 50 66
434 49.09 10 59.4
435 45.45 30 79.2
437 60.90 90 62.7
438 38.18 40 72.6
439 65.45 70 56.1
440 47.27 80 69.3
441 60.00 40 75.9
442 45.45 20 75.9
443 61.81 20 58.2
444 43.63 20 75.9
445 09.09 90 79.2
446 60.00 30 75.9
447 54.54 70 79.2
448 57.27 50 66
449 58.18 60 78
450 58.18 82 89
451 63.63 70 82
452 49.09 50 65
453 86.36 90.25 92.3
454 47.27 30 53
455 81.81 87.36 95.26
457 54.54 70 79.26
458 47.27 60 71.26
505 43.63 60 75.86