*******************************************************************************
*                 SCGPA Reckoner for Educational Institutions                 *
*                                                                             *
*        Roll No.       Grade 1       Grade 2       Grade 3       SGPA        *
*                                                                             *
*_____________________________________________________________________________*
         394               10            0             0           10.000       
*_____________________________________________________________________________*
         395               4            0             0           4.000       
*_____________________________________________________________________________*
         396               7            0             0           7.000       
*_____________________________________________________________________________*
         397               8            0             0           8.000       
*_____________________________________________________________________________*
         398               10            0             0           10.000       
*_____________________________________________________________________________*
         399               6            0             0           6.000       
*_____________________________________________________________________________*
         400               10            0             0           10.000       
*_____________________________________________________________________________*
         401               7            0             0           7.000       
*_____________________________________________________________________________*
         402               6            0             0           6.000       
*_____________________________________________________________________________*
         403               6            0             0           6.000       
*_____________________________________________________________________________*
         404               0            0             0           0.000       
*_____________________________________________________________________________*
         405               7            0             0           7.000       
*_____________________________________________________________________________*
         406               0            0             0           0.000       
*_____________________________________________________________________________*
         407               6            0             0           6.000       
*_____________________________________________________________________________*
         408               6            0             0           6.000       
*_____________________________________________________________________________*
         409               6            0             0           6.000       
*_____________________________________________________________________________*
         410               7            0             0           7.000       
*_____________________________________________________________________________*
         411               9            0             0           9.000       
*_____________________________________________________________________________*
         412               5            0             0           5.000       
*_____________________________________________________________________________*
         413               6            0             0           6.000       
*_____________________________________________________________________________*
         414               6            0             0           6.000       
*_____________________________________________________________________________*
         415               7            0             0           7.000       
*_____________________________________________________________________________*
         416               5            0             0           5.000       
*_____________________________________________________________________________*
         417               10            0             0           10.000       
*_____________________________________________________________________________*
         418               8            0             0           8.000       
*_____________________________________________________________________________*
         419               8            0             0           8.000       
*_____________________________________________________________________________*
         420               7            0             0           7.000       
*_____________________________________________________________________________*
         421               6            0             0           6.000       
*_____________________________________________________________________________*
         422               5            0             0           5.000       
*_____________________________________________________________________________*
         423               6            0             0           6.000       
*_____________________________________________________________________________*
         424               6            0             0           6.000       
*_____________________________________________________________________________*
         425               7            0             0           7.000       
*_____________________________________________________________________________*
         426               7            0             0           7.000       
*_____________________________________________________________________________*
         427               5            0             0           5.000       
*_____________________________________________________________________________*
         428               8            0             0           8.000       
*_____________________________________________________________________________*
         429               6            0             0           6.000       
*_____________________________________________________________________________*
         430               6            0             0           6.000       
*_____________________________________________________________________________*
         431               5            0             0           5.000       
*_____________________________________________________________________________*
         432               5            0             0           5.000       
*_____________________________________________________________________________*
         433               4            0             0           4.000       
*_____________________________________________________________________________*
         434               6            0             0           6.000       
*_____________________________________________________________________________*
         435               5            0             0           5.000       
*_____________________________________________________________________________*
         437               7            0             0           7.000       
*_____________________________________________________________________________*
         438               4            0             0           4.000       
*_____________________________________________________________________________*
         439               8            0             0           8.000       
*_____________________________________________________________________________*
         440               5            0             0           5.000       
*_____________________________________________________________________________*
         441               7            0             0           7.000       
*_____________________________________________________________________________*
         442               5            0             0           5.000       
*_____________________________________________________________________________*
         443               8            0             0           8.000       
*_____________________________________________________________________________*
         444               5            0             0           5.000       
*_____________________________________________________________________________*
         445               0            0             0           0.000       
*_____________________________________________________________________________*
         446               7            0             0           7.000       
*_____________________________________________________________________________*
         447               6            0             0           6.000       
*_____________________________________________________________________________*
         448               7            0             0           7.000       
*_____________________________________________________________________________*
         449               7            0             0           7.000       
*_____________________________________________________________________________*
         450               7            0             0           7.000       
*_____________________________________________________________________________*
         451               8            0             0           8.000       
*_____________________________________________________________________________*
         452               6            0             0           6.000       
*_____________________________________________________________________________*
         453               10            0             0           10.000       
*_____________________________________________________________________________*
         454               5            0             0           5.000       
*_____________________________________________________________________________*
         455               10            0             0           10.000       
*_____________________________________________________________________________*
         457               6            0             0           6.000       
*_____________________________________________________________________________*
         458               5            0             0           5.000       
*_____________________________________________________________________________*
         505               5            0             0           5.000       
*_____________________________________________________________________________*
*                                                                             *
* Class Strength:  64                                                         *
*                                                                             *
* Class Average:   Subject 1 = 54.56    Subject 2 = 0.00    Subject 3 = 0.00  *
*                                                                             *
*******************************************************************************
